EstimateS (Version 9.1.0), Copyright R. K. Colwell:  http://purl.oclc.org/estimates
Diversity Output from Input File:  Seeds50  (5 fevereiro, 2017)

Samples	Individuals (computed)	S(est)	S(est) 95% CI Lower Bound	S(est) 95% CI Upper Bound	S(est) SD	S Mean (runs)	Singletons Mean	Singletons SD (runs)	Doubletons Mean	Doubletons SD (runs)	Uniques Mean	Uniques SD (runs)	Duplicates Mean	Duplicates SD (runs)	ACE Mean	ACE  SD (runs)	ICE Mean	ICE SD (runs)	Chao 1 Mean	Chao 1 95% CI Lower Bound	Chao 1 95% CI Upper Bound	Chao 1 SD (analytical)	Chao 2 Mean	Chao 2 95% CI Lower Bound	Chao 2 95% CI Upper Bound	Chao 2 SD (analytical)	Jack 1 Mean	Jack 1 SD (analytical)	Jack 2 Mean	Jack 2 SD (runs)	Bootstrap Mean	Bootstrap  SD (runs)	MMRuns Mean	MMMeans (1 run)	Cole Rarefaction	Cole SD (analytical)	Alpha Mean	Alpha SD (analytical)	Shannon Mean	Shannon SD (runs)	Shannon Exponential Mean	Shannon Exponential SD (runs)	Simpson Inv Mean	Simpson Inv SD (runs)	
1	7.87	3.81	2.27	5.35	0.79	3.77	2.28	1.33	0.76	0.89	3.77	1.73	0	0	0	0	3.77	1.73	5.2	0	0	0	3.77	0	0	0.01	3.77	0	0	0	3.77	1.73	0	0	5.84	1.89	0	0	0	0	0	0	0	0	
2	15.74	6.62	4.2	9.04	1.23	6.84	3.72	1.72	1.34	1.15	5.81	2.2	1.03	1	14.5	8.92	28.25	22.53	10.21	7.44	27.97	3.95	12.54	8.17	33.26	5.16	9.75	0.91	9.75	3.13	8.29	2.61	16.04	25.32	9.44	2.13	0	0	0	0	0	0	0	0	
3	23.6	8.8	5.88	11.73	1.49	8.78	4.18	1.87	1.86	1.38	6.43	2.29	1.9	1.11	15.85	8.62	32.81	22.66	12.41	9.44	30.9	4.17	14.81	10.11	38.17	5.73	13.07	1.38	14.89	4.25	10.76	2.71	28.33	25.53	12.02	2.21	0	0	0	0	0	0	0	0	
4	31.47	10.57	7.36	13.79	1.64	10.61	4.77	1.99	1.96	1.36	6.96	2.34	2.52	1.39	18.04	8.78	28.97	22.02	15.06	11.45	36.34	4.89	17.05	12	41.77	6.09	15.83	1.77	18.47	4.82	12.97	2.7	49.62	25.81	14.02	2.25	0	0	0	0	0	0	0	0	
5	39.34	12.06	8.67	15.44	1.73	12.2	5.28	2	2.04	1.54	7.51	2.47	2.68	1.45	19.44	6.84	27.45	15.61	17.84	13.32	42.41	5.81	19.52	13.83	46.39	6.72	18.21	2.03	21.51	5.48	14.89	2.98	41.83	26.14	15.64	2.26	0	0	0	0	0	0	0	0	
6	47.21	13.34	9.85	16.83	1.78	13.48	5.62	2.11	2.27	1.66	7.87	2.57	2.79	1.7	20.88	6.94	27.55	13.31	19.41	14.69	44.41	5.98	22.91	15.79	54.14	8.04	20.04	2.29	23.8	6.07	16.39	3.12	37.27	26.49	17	2.27	0	0	0	0	0	0	0	0	
7	55.07	14.48	10.93	18.03	1.81	14.88	6.11	2.22	2.37	1.65	8.45	2.66	2.94	1.61	23.03	7.67	28.5	10.13	21.81	16.38	48.91	6.63	24.45	17.17	56.28	8.22	22.12	2.49	26.41	6.54	18.07	3.43	43.79	26.86	18.17	2.26	0	0	0	0	0	0	0	0	
8	62.94	15.5	11.91	19.09	1.83	15.89	6.38	2.26	2.5	1.57	8.77	2.71	2.93	1.66	24.22	7.18	29.86	10.69	23.19	17.5	50.91	6.85	27.16	18.73	62.46	9.28	23.56	2.63	28.26	6.81	19.24	3.43	41.11	27.23	19.2	2.25	0	0	0	0	0	0	0	0	
9	70.81	16.43	12.82	20.05	1.84	16.92	6.69	2.18	2.55	1.45	9.06	2.56	3.09	1.64	25.5	7.06	30.66	10.07	24.38	18.54	52.87	7.03	27.89	19.57	63.45	9.28	24.97	2.77	29.92	6.62	20.44	3.4	56.49	27.61	20.11	2.23	0	0	0	0	0	0	0	0	
10	78.68	17.29	13.67	20.91	1.85	17.85	6.81	2.27	2.75	1.4	9.26	2.63	3.31	1.65	26.43	7.23	31.54	9.87	24.85	19.35	51.95	6.67	28.87	20.58	63.52	9.12	26.18	2.81	31.24	6.89	21.5	3.51	37.06	27.98	20.93	2.21	0	0	0	0	0	0	0	0	
11	86.55	18.08	14.45	21.71	1.85	18.74	6.88	2.23	2.99	1.45	9.43	2.52	3.62	1.65	27.08	6.58	32.11	8.66	25.63	20.23	51.91	6.5	28.83	21.21	60.88	8.41	27.31	2.93	32.36	6.68	22.5	3.55	34.6	28.34	21.66	2.19	0	0	0	0	0	0	0	0	
12	94.41	18.82	15.19	22.45	1.85	19.35	6.92	2.3	3.09	1.4	9.43	2.66	3.83	1.77	27.76	6.81	32.95	9.17	25.81	20.71	51.16	6.22	29.89	21.99	62.49	8.62	27.99	2.96	32.95	7.07	23.16	3.48	40.11	28.69	22.33	2.16	0	0	0	0	0	0	0	0	
13	102.28	19.51	15.87	23.14	1.85	19.81	6.83	2.31	3.15	1.42	9.26	2.52	3.93	1.94	27.93	6.7	32.65	8.53	26.23	21.16	51.41	6.18	30.04	22.38	61.88	8.4	28.36	2.95	33.14	6.81	23.6	3.39	41.38	29.02	22.95	2.14	0	0	0	0	0	0	0	0	
14	110.15	20.15	16.52	23.78	1.85	20.36	6.79	2.5	3.21	1.65	9.12	2.58	4.24	1.91	28.28	7.15	32.56	8.18	27.61	22	54.28	6.66	29.31	22.55	58.02	7.51	28.83	2.94	33.29	7.06	24.15	3.44	35.98	29.35	23.51	2.11	0	0	0	0	0	0	0	0	
15	118.02	20.76	17.13	24.38	1.85	20.85	6.76	2.52	3.39	1.69	9.11	2.65	4.41	1.92	28.81	7.4	33.13	8.34	27.61	22.37	52.58	6.22	29.3	22.87	56.99	7.2	29.35	2.91	33.7	7.22	24.68	3.51	34.48	29.66	24.03	2.08	0	0	0	0	0	0	0	0	
16	125.88	21.32	17.7	24.95	1.85	21.47	6.81	2.53	3.41	1.82	9.16	2.73	4.53	1.89	29.36	7.23	33.83	8.57	28.42	23.05	53.74	6.33	30.09	23.61	57.26	7.14	30.06	2.93	34.37	7.44	25.35	3.54	33.74	29.96	24.51	2.05	0	0	0	0	0	0	0	0	
17	133.75	21.86	18.24	25.47	1.84	22.1	6.96	2.46	3.45	1.76	9.28	2.62	4.6	1.68	30.02	6.81	34.47	8.29	28.87	23.61	54	6.26	30.05	24.01	55.92	6.74	30.83	2.94	35.22	7.18	26.05	3.59	33.44	30.24	24.95	2.02	0	0	0	0	0	0	0	0	
18	141.62	22.36	18.76	25.97	1.84	22.48	6.84	2.35	3.53	1.76	9.21	2.51	4.58	1.8	29.93	6.28	34.3	7.52	28.63	23.8	52.35	5.84	30.24	24.32	55.86	6.65	31.18	2.94	35.53	6.98	26.42	3.59	33.18	30.51	25.37	1.99	0	0	0	0	0	0	0	0	
19	149.49	22.84	19.24	26.44	1.84	22.85	6.67	2.45	3.64	1.76	8.99	2.56	4.77	1.77	29.96	6.35	34.14	7.46	28.52	24.04	50.89	5.47	30.04	24.54	54.13	6.22	31.37	2.91	35.38	7.12	26.76	3.69	32.98	30.77	25.75	1.96	0	0	0	0	0	0	0	0	
20	157.36	23.29	19.7	26.88	1.83	23.17	6.59	2.28	3.61	1.77	8.82	2.39	4.9	1.94	29.98	5.89	33.98	6.89	28.62	24.3	50.49	5.32	30.01	24.75	53.43	6.01	31.55	2.92	35.31	6.75	27.04	3.64	32.83	31.01	26.11	1.93	0	0	0	0	0	0	0	0	
21	165.22	23.72	20.14	27.3	1.83	23.63	6.68	2.3	3.55	1.75	8.94	2.34	4.77	2.09	30.58	5.71	34.59	6.53	29.4	24.86	52.04	5.54	31.02	25.35	56.04	6.44	32.14	2.95	36.13	6.48	27.55	3.47	32.78	31.24	26.45	1.9	0	0	0	0	0	0	0	0	
22	173.09	24.12	20.55	27.7	1.82	24	6.59	2.26	3.64	1.71	8.88	2.28	4.84	2.16	30.73	5.5	34.8	6.28	29.5	25.16	51.28	5.31	31.3	25.69	56.16	6.39	32.48	2.96	36.36	6.25	27.91	3.29	32.74	31.47	26.77	1.88	0	0	0	0	0	0	0	0	
23	180.96	24.51	20.95	28.07	1.82	24.4	6.53	2.27	3.8	1.8	8.75	2.41	5.07	2.18	30.95	5.64	35.02	6.5	29.68	25.5	50.88	5.15	31.36	26.02	55.01	6.08	32.77	2.93	36.34	6.68	28.31	3.2	32.76	31.68	27.06	1.85	0	0	0	0	0	0	0	0	
24	188.83	24.87	21.32	28.43	1.81	24.82	6.57	2.3	3.83	1.88	8.79	2.43	5.1	2.17	31.48	5.77	35.49	6.63	30.15	25.92	51.64	5.22	31.85	26.46	55.6	6.12	33.24	2.95	36.83	6.74	28.76	3.2	32.81	31.88	27.34	1.82	0	0	0	0	0	0	0	0	
25	196.69	25.22	21.68	28.76	1.81	25.27	6.61	2.12	3.79	1.78	8.79	2.23	5.25	2	31.77	5.46	35.6	5.95	30.51	26.34	51.86	5.17	31.74	26.76	53.91	5.69	33.71	2.95	37.17	6.1	29.24	2.98	32.91	32.07	27.61	1.8	0	0	0	0	0	0	0	0	
26	204.56	25.55	22.02	29.08	1.8	25.55	6.59	2.06	3.75	1.68	8.69	2.13	5.29	1.97	31.92	5.31	35.53	5.63	30.78	26.62	52.12	5.17	31.73	26.96	53.24	5.49	33.91	2.94	37.24	5.93	29.5	2.95	33	32.25	27.86	1.77	0	0	0	0	0	0	0	0	
27	212.43	25.87	22.35	29.38	1.79	25.87	6.51	2.04	3.85	1.78	8.63	2.08	5.35	2	32.06	5.47	35.72	5.68	31.07	26.94	52.27	5.13	32.04	27.28	53.57	5.49	34.18	2.92	37.41	5.86	29.81	2.82	33.1	32.42	28.09	1.75	0	0	0	0	0	0	0	0	
28	220.3	26.17	22.66	29.67	1.79	26.12	6.41	2.02	3.78	1.72	8.44	2.12	5.41	1.93	32.03	5	35.5	5.75	30.97	27.09	51.36	4.89	32.1	27.48	52.97	5.32	34.26	2.88	37.26	5.93	30.01	2.86	33.19	32.58	28.32	1.72	0	0	0	0	0	0	0	0	
29	228.17	26.45	22.96	29.94	1.78	26.33	6.2	1.94	3.94	1.8	8.19	2	5.62	1.95	31.8	4.52	35.07	5.39	30.71	27.19	49.64	4.5	31.5	27.46	50.45	4.76	34.24	2.84	36.82	5.69	30.16	2.82	33.26	32.74	28.53	1.7	0	0	0	0	0	0	0	0	
30	236.03	26.72	23.24	30.2	1.78	26.6	6.14	1.9	3.93	1.74	8.06	1.97	5.74	1.91	31.89	4.18	34.95	5.26	30.79	27.41	49.22	4.36	31.41	27.64	49.35	4.48	34.39	2.81	36.74	5.58	30.41	2.85	33.34	32.89	28.73	1.67	0	0	0	0	0	0	0	0	
31	243.9	26.98	23.52	30.45	1.77	26.82	6.03	1.89	3.99	1.83	7.89	1.99	5.83	2	31.93	4.04	34.73	5.05	30.92	27.61	49.05	4.28	31.53	27.83	49.24	4.41	34.46	2.78	36.56	5.62	30.59	2.67	33.41	33.03	28.92	1.65	0	0	0	0	0	0	0	0	
32	251.77	27.23	23.78	30.69	1.76	27.04	6.03	1.99	3.97	1.82	7.83	2.02	5.86	1.95	32.12	4.11	34.68	5.13	31.24	27.86	49.64	4.35	31.61	28.02	48.89	4.29	34.63	2.77	36.65	5.66	30.8	2.75	33.48	33.17	29.1	1.63	0	0	0	0	0	0	0	0	
33	259.64	27.47	24.03	30.91	1.76	27.37	5.92	1.99	4.1	1.83	7.71	1.98	5.96	1.88	32.29	4.07	34.49	4.54	31.36	28.15	49	4.16	31.78	28.31	48.63	4.17	34.85	2.75	36.67	5.49	31.11	2.61	33.57	33.29	29.28	1.61	0	0	0	0	0	0	0	0	
34	267.5	27.7	24.27	31.12	1.75	27.7	5.98	2	4.06	1.88	7.78	1.96	5.9	1.98	32.72	4.46	34.67	4.39	31.87	28.52	50.03	4.3	32.32	28.7	49.77	4.34	35.25	2.77	37.19	5.47	31.46	2.56	33.66	33.42	29.44	1.58	0	0	0	0	0	0	0	0	
35	275.37	27.91	24.5	31.33	1.74	27.9	5.85	1.87	3.99	1.83	7.58	1.85	5.91	2.01	32.61	4.02	34.49	4.1	31.72	28.63	48.99	4.04	32.24	28.82	49.06	4.15	35.26	2.75	37	5.25	31.6	2.47	33.74	33.53	29.6	1.56	0	0	0	0	0	0	0	0	
36	283.24	28.12	24.72	31.52	1.74	28.13	5.84	1.97	4	1.86	7.54	1.95	5.9	2.18	32.79	3.82	34.69	4.17	32.04	28.89	49.51	4.1	32.56	29.07	49.68	4.22	35.46	2.74	37.17	5.58	31.82	2.46	33.82	33.64	29.75	1.54	0	0	0	0	0	0	0	0	
37	291.11	28.32	24.94	31.71	1.73	28.24	5.74	1.97	4.01	1.82	7.38	1.99	5.86	2.1	32.77	3.79	34.56	4.21	32.05	28.98	49.25	4.03	32.57	29.15	49.44	4.15	35.42	2.72	37.01	5.69	31.88	2.45	33.89	33.75	29.89	1.52	0	0	0	0	0	0	0	0	
38	298.98	28.51	25.14	31.89	1.72	28.49	5.62	1.83	4.04	1.76	7.22	1.88	5.94	2.12	32.78	3.52	34.44	3.9	31.92	29.14	47.97	3.72	32.54	29.33	48.75	3.95	35.52	2.68	36.88	5.41	32.09	2.41	33.96	33.85	30.03	1.5	0	0	0	0	0	0	0	0	
39	306.84	28.7	25.34	32.06	1.71	28.74	5.6	1.83	3.98	1.71	7.16	1.97	5.91	1.97	32.99	3.65	34.57	4.01	32.05	29.35	47.9	3.65	32.74	29.57	48.73	3.9	35.72	2.68	37.05	5.66	32.32	2.39	34.03	33.95	30.16	1.48	0	0	0	0	0	0	0	0	
40	314.71	28.87	25.53	32.22	1.71	28.87	5.45	1.91	4.05	1.67	7.02	2.04	5.89	2	32.96	3.69	34.48	4.1	32.04	29.46	47.26	3.49	32.75	29.67	48.4	3.8	35.71	2.65	36.93	5.83	32.4	2.35	34.1	34.04	30.29	1.46	0	0	0	0	0	0	0	0	
41	322.58	29.04	25.71	32.38	1.7	29.1	5.48	1.94	3.98	1.71	7.01	2.07	5.77	1.99	33.16	3.53	34.64	4.02	32.43	29.72	48.28	3.65	33.05	29.91	48.99	3.87	35.94	2.66	37.26	5.81	32.62	2.3	34.17	34.13	30.41	1.44	0	0	0	0	0	0	0	0	
42	330.45	29.2	25.88	32.53	1.69	29.3	5.48	1.89	3.89	1.63	7.01	2.01	5.65	1.98	33.35	3.45	34.77	3.88	32.65	29.92	48.68	3.69	33.29	30.12	49.48	3.93	36.14	2.67	37.57	5.57	32.81	2.19	34.25	34.22	30.53	1.42	0	0	0	0	0	0	0	0	
43	338.31	29.36	26.05	32.67	1.69	29.41	5.36	1.96	3.92	1.55	6.85	2.01	5.63	1.82	33.39	3.57	34.67	3.8	32.59	30.01	47.9	3.51	33.2	30.18	48.83	3.77	36.1	2.62	37.39	5.45	32.86	2.15	34.31	34.3	30.64	1.41	0	0	0	0	0	0	0	0	
44	346.18	29.51	26.22	32.81	1.68	29.54	5.28	1.94	3.88	1.44	6.77	2.04	5.56	1.82	33.39	3.57	34.66	3.7	32.58	30.11	47.42	3.39	33.25	30.29	48.72	3.72	36.16	2.61	37.43	5.48	32.96	2.17	34.37	34.37	30.75	1.39	0	0	0	0	0	0	0	0	
45	354.05	29.66	26.37	32.94	1.67	29.71	5.18	1.87	3.84	1.46	6.65	2.02	5.53	1.85	33.37	3.38	34.58	3.45	32.64	30.25	47.28	3.32	33.36	30.44	48.69	3.68	36.21	2.58	37.4	5.54	33.09	2.11	34.43	34.45	30.85	1.37	0	0	0	0	0	0	0	0	
46	361.92	29.8	26.53	33.06	1.67	29.82	5.04	1.81	3.93	1.47	6.46	1.98	5.57	1.85	33.33	3.3	34.46	3.37	32.5	30.3	46.33	3.1	33.25	30.49	48.06	3.52	36.14	2.54	37.11	5.42	33.14	2.09	34.49	34.52	30.95	1.35	0	0	0	0	0	0	0	0	
47	369.79	29.93	26.67	33.19	1.66	29.98	5.05	1.87	3.86	1.45	6.46	2.03	5.48	1.86	33.48	3.32	34.58	3.44	32.77	30.49	46.95	3.2	33.49	30.67	48.56	3.59	36.3	2.54	37.35	5.55	33.29	2.15	34.55	34.59	31.05	1.34	0	0	0	0	0	0	0	0	
48	377.65	30.06	26.81	33.3	1.66	30.08	4.89	1.8	3.91	1.51	6.28	1.91	5.51	1.91	33.4	3.13	34.39	3.21	32.64	30.53	46.12	3.01	33.31	30.7	47.64	3.38	36.23	2.49	37.08	5.24	33.33	2.13	34.6	34.65	31.14	1.32	0	0	0	0	0	0	0	0	
49	385.52	30.18	26.95	33.42	1.65	30.26	4.84	1.79	3.92	1.57	6.21	1.91	5.53	1.93	33.52	3.01	34.46	3.1	32.82	30.7	46.38	3.02	33.44	30.86	47.64	3.34	36.34	2.48	37.11	5.23	33.49	2.11	34.65	34.72	31.23	1.3	0	0	0	0	0	0	0	0	
50	393.39	30.3	27.08	33.52	1.64	30.37	4.73	1.77	3.94	1.6	6.06	1.88	5.5	1.96	33.48	2.89	34.39	3.04	32.85	30.79	46.13	2.95	33.37	30.93	47.1	3.2	36.31	2.45	36.95	5.13	33.55	2.09	34.71	34.78	31.32	1.29	0	0	0	0	0	0	0	0	
51	401.26	30.42	27.21	33.63	1.64	30.48	4.64	1.68	3.95	1.61	5.94	1.78	5.48	1.9	33.48	2.7	34.29	2.8	32.83	30.87	45.75	2.85	33.28	30.99	46.48	3.05	36.3	2.43	36.85	4.84	33.61	2.02	34.76	34.83	31.4	1.27	0	0	0	0	0	0	0	0	
52	409.12	30.53	27.34	33.73	1.63	30.59	4.55	1.64	3.89	1.63	5.81	1.77	5.45	2	33.46	2.61	34.24	2.76	32.9	30.98	45.64	2.8	33.34	31.09	46.46	3.02	36.29	2.39	36.74	4.9	33.67	2.04	34.81	34.89	31.48	1.25	0	0	0	0	0	0	0	0	
53	416.99	30.64	27.46	33.82	1.62	30.73	4.47	1.57	3.89	1.66	5.67	1.65	5.5	2.02	33.5	2.45	34.2	2.55	32.92	31.09	45.35	2.71	33.32	31.19	46.04	2.91	36.29	2.38	36.56	4.68	33.77	1.94	34.86	34.94	31.56	1.24	0	0	0	0	0	0	0	0	
54	424.86	30.74	27.57	33.92	1.62	30.81	4.45	1.55	3.83	1.67	5.62	1.62	5.43	1.99	33.54	2.39	34.19	2.5	33.04	31.17	45.66	2.75	33.43	31.27	46.29	2.94	36.33	2.37	36.61	4.74	33.82	1.92	34.91	34.99	31.64	1.22	0	0	0	0	0	0	0	0	
55	432.73	30.85	27.69	34.01	1.61	30.96	4.47	1.46	3.81	1.62	5.62	1.5	5.35	1.93	33.66	2.21	34.27	2.29	33.13	31.3	45.64	2.72	33.55	31.41	46.41	2.93	36.48	2.38	36.83	4.52	33.97	1.76	34.96	35.04	31.71	1.21	0	0	0	0	0	0	0	0	
56	440.6	30.94	27.79	34.09	1.61	31.1	4.43	1.53	3.72	1.52	5.5	1.53	5.37	1.88	33.77	2.3	34.3	2.35	33.24	31.44	45.59	2.68	33.51	31.51	45.74	2.76	36.5	2.36	36.72	4.5	34.07	1.74	35.01	35.09	31.78	1.19	0	0	0	0	0	0	0	0	
57	448.46	31.04	27.9	34.18	1.6	31.16	4.35	1.52	3.71	1.57	5.4	1.53	5.24	1.79	33.77	2.27	34.24	2.35	33.3	31.5	45.74	2.69	33.55	31.57	45.82	2.76	36.47	2.33	36.71	4.4	34.08	1.73	35.06	35.14	31.85	1.18	0	0	0	0	0	0	0	0	
58	456.33	31.13	28	34.26	1.6	31.27	4.31	1.54	3.64	1.53	5.39	1.55	5.1	1.72	33.82	2.1	34.34	2.22	33.5	31.62	46.3	2.78	33.73	31.69	46.29	2.84	36.57	2.3	36.93	4.39	34.17	1.64	35.1	35.18	31.92	1.16	0	0	0	0	0	0	0	0	
59	464.2	31.22	28.1	34.34	1.59	31.39	4.26	1.53	3.64	1.57	5.37	1.52	5.05	1.68	33.89	2.01	34.39	2.12	33.55	31.74	46.12	2.72	33.83	31.81	46.33	2.82	36.67	2.32	37.06	4.37	34.28	1.56	35.15	35.22	31.98	1.15	0	0	0	0	0	0	0	0	
60	472.07	31.31	28.2	34.41	1.58	31.5	4.18	1.6	3.67	1.64	5.26	1.6	5.1	1.85	33.94	2.07	34.4	2.11	33.59	31.87	45.83	2.64	33.99	31.95	46.63	2.85	36.67	2.29	36.91	4.69	34.35	1.53	35.19	35.26	32.05	1.13	0	0	0	0	0	0	0	0	
61	479.93	31.39	28.29	34.49	1.58	31.57	4.11	1.59	3.64	1.7	5.18	1.58	5	1.89	33.96	2.05	34.4	2.07	33.66	31.92	45.92	2.64	34.03	31.99	46.68	2.84	36.67	2.25	36.92	4.58	34.39	1.48	35.23	35.3	32.11	1.12	0	0	0	0	0	0	0	0	
62	487.8	31.47	28.38	34.56	1.57	31.66	4.06	1.57	3.67	1.74	5.12	1.5	5.01	1.85	34	1.97	34.41	1.97	33.73	32.02	45.96	2.63	33.99	32.05	46.26	2.74	36.7	2.25	36.88	4.35	34.45	1.42	35.28	35.34	32.17	1.1	0	0	0	0	0	0	0	0	
63	495.67	31.55	28.47	34.62	1.57	31.77	3.97	1.53	3.71	1.74	5.02	1.44	4.98	1.77	34.02	2	34.4	1.9	33.73	32.11	45.54	2.52	33.98	32.14	45.9	2.64	36.71	2.23	36.83	4.24	34.52	1.46	35.32	35.37	32.22	1.09	0	0	0	0	0	0	0	0	
64	503.54	31.63	28.56	34.69	1.56	31.79	3.87	1.47	3.65	1.67	4.91	1.41	4.88	1.63	33.95	1.96	34.33	1.93	33.61	32.1	44.97	2.4	33.87	32.13	45.39	2.53	36.62	2.21	36.73	4.13	34.49	1.49	35.35	35.41	32.28	1.08	0	0	0	0	0	0	0	0	
65	511.4	31.7	28.64	34.76	1.56	31.84	3.81	1.51	3.6	1.58	4.81	1.47	4.88	1.7	33.98	2.01	34.29	1.93	33.64	32.15	44.84	2.36	33.89	32.19	45.31	2.5	36.58	2.18	36.58	4.3	34.5	1.49	35.39	35.44	32.34	1.06	0	0	0	0	0	0	0	0	
66	519.27	31.77	28.72	34.82	1.55	31.93	3.83	1.54	3.56	1.57	4.82	1.52	4.78	1.76	34.08	2.06	34.39	2.01	33.77	32.25	45.13	2.4	34.07	32.3	45.85	2.59	36.68	2.18	36.79	4.48	34.58	1.52	35.42	35.48	32.39	1.05	0	0	0	0	0	0	0	0	
67	527.14	31.84	28.8	34.88	1.55	31.98	3.77	1.5	3.51	1.51	4.74	1.49	4.67	1.7	34.08	2.03	34.35	2	33.69	32.28	44.6	2.29	34.06	32.34	45.71	2.55	36.65	2.16	36.79	4.36	34.59	1.52	35.46	35.51	32.44	1.03	0	0	0	0	0	0	0	0	
68	535.01	31.91	28.88	34.94	1.55	32.05	3.7	1.55	3.42	1.43	4.69	1.52	4.53	1.68	34.1	2.05	34.37	1.99	33.75	32.36	44.58	2.27	34.19	32.4	46.11	2.61	36.67	2.15	36.89	4.43	34.63	1.51	35.49	35.54	32.49	1.02	0	0	0	0	0	0	0	0	
69	542.88	31.98	28.96	35	1.54	32.1	3.65	1.47	3.45	1.38	4.62	1.45	4.57	1.67	34.1	1.94	34.35	1.9	33.63	32.38	43.87	2.11	34.09	32.41	45.49	2.48	36.65	2.14	36.77	4.26	34.65	1.47	35.52	35.57	32.54	1.01	0	0	0	0	0	0	0	0	
70	550.74	32.04	29.03	35.05	1.54	32.17	3.66	1.45	3.34	1.39	4.61	1.38	4.45	1.69	34.17	1.88	34.39	1.79	33.78	32.45	44.43	2.21	34.18	32.48	45.8	2.52	36.71	2.13	36.93	4.06	34.71	1.43	35.55	35.59	32.59	0.99	0	0	0	0	0	0	0	0	
71	558.61	32.1	29.1	35.11	1.53	32.21	3.64	1.44	3.29	1.35	4.56	1.37	4.38	1.64	34.19	1.86	34.39	1.76	33.82	32.49	44.49	2.21	34.21	32.52	45.79	2.51	36.71	2.11	36.94	4.05	34.72	1.41	35.58	35.62	32.63	0.98	0	0	0	0	0	0	0	0	
72	566.48	32.16	29.17	35.16	1.53	32.3	3.65	1.42	3.27	1.29	4.56	1.36	4.31	1.6	34.29	1.87	34.48	1.79	33.89	32.57	44.49	2.2	34.32	32.62	46.01	2.53	36.8	2.12	37.1	4.06	34.8	1.44	35.61	35.65	32.68	0.97	0	0	0	0	0	0	0	0	
73	574.35	32.22	29.24	35.21	1.52	32.36	3.57	1.39	3.21	1.23	4.49	1.38	4.21	1.54	34.27	1.86	34.47	1.81	33.9	32.62	44.3	2.14	34.37	32.67	46.08	2.53	36.79	2.1	37.12	4.11	34.82	1.44	35.63	35.67	32.72	0.95	0	0	0	0	0	0	0	0	
74	582.21	32.28	29.3	35.26	1.52	32.46	3.56	1.3	3.17	1.25	4.48	1.3	4.17	1.55	34.34	1.67	34.54	1.64	33.99	32.71	44.51	2.16	34.51	32.78	46.45	2.58	36.88	2.1	37.24	3.95	34.91	1.29	35.66	35.7	32.76	0.94	0	0	0	0	0	0	0	0	
75	590.08	32.34	29.37	35.31	1.52	32.51	3.48	1.3	3.13	1.26	4.39	1.31	4.07	1.55	34.34	1.59	34.52	1.59	34.06	32.77	44.67	2.18	34.62	32.84	46.86	2.65	36.84	2.08	37.21	3.95	34.91	1.25	35.69	35.72	32.8	0.93	0	0	0	0	0	0	0	0	
76	597.95	32.39	29.43	35.36	1.51	32.55	3.46	1.27	3.11	1.25	4.38	1.28	3.99	1.57	34.36	1.56	34.55	1.52	34.07	32.8	44.58	2.15	34.67	32.88	47.03	2.67	36.87	2.07	37.3	3.89	34.94	1.22	35.71	35.75	32.84	0.91	0	0	0	0	0	0	0	0	
77	605.82	32.45	29.49	35.4	1.51	32.61	3.42	1.3	3.05	1.24	4.34	1.33	3.9	1.61	34.39	1.57	34.57	1.56	34.14	32.87	44.66	2.16	34.81	32.96	47.49	2.75	36.89	2.06	37.37	4.06	34.97	1.24	35.73	35.77	32.88	0.9	0	0	0	0	0	0	0	0	
78	613.69	32.5	29.55	35.45	1.5	32.68	3.36	1.25	3.04	1.29	4.28	1.29	3.91	1.64	34.41	1.5	34.6	1.5	34.14	32.92	44.5	2.11	34.78	33	47.13	2.66	36.91	2.04	37.32	4.01	35.02	1.21	35.76	35.79	32.92	0.89	0	0	0	0	0	0	0	0	
79	621.55	32.55	29.61	35.49	1.5	32.73	3.33	1.23	2.98	1.29	4.27	1.23	3.79	1.55	34.44	1.49	34.63	1.47	34.2	32.97	44.63	2.12	34.77	33.04	47.02	2.63	36.95	2.03	37.46	3.76	35.05	1.21	35.78	35.81	32.96	0.88	0	0	0	0	0	0	0	0	
80	629.42	32.6	29.67	35.54	1.5	32.78	3.21	1.22	2.96	1.24	4.14	1.19	3.76	1.44	34.42	1.44	34.6	1.39	34.11	33.01	43.96	1.97	34.6	33.06	46.05	2.42	36.87	2	37.29	3.51	35.05	1.15	35.8	35.83	33	0.86	0	0	0	0	0	0	0	0	
81	637.29	32.65	29.72	35.58	1.49	32.83	3.16	1.26	2.98	1.28	4.05	1.19	3.75	1.42	34.46	1.46	34.58	1.37	34.16	33.07	43.92	1.96	34.58	33.09	45.74	2.35	36.83	1.97	37.17	3.52	35.06	1.14	35.82	35.85	33.03	0.85	0	0	0	0	0	0	0	0	
82	645.16	32.7	29.78	35.62	1.49	32.93	3.18	1.24	2.95	1.25	4.08	1.19	3.71	1.4	34.57	1.38	34.7	1.32	34.26	33.18	44.1	1.97	34.74	33.2	46.16	2.41	36.96	1.97	37.37	3.54	35.17	1.09	35.85	35.87	33.07	0.84	0	0	0	0	0	0	0	0	
83	653.02	32.74	29.83	35.66	1.49	32.98	3.16	1.23	2.96	1.24	4.05	1.18	3.7	1.43	34.6	1.32	34.73	1.28	34.28	33.22	43.98	1.94	34.76	33.25	46.11	2.39	36.98	1.97	37.37	3.55	35.2	1.07	35.87	35.89	33.1	0.82	0	0	0	0	0	0	0	0	
84	660.89	32.79	29.88	35.7	1.48	33.02	3.09	1.22	2.92	1.24	3.99	1.2	3.62	1.4	34.6	1.3	34.73	1.28	34.3	33.26	43.92	1.92	34.8	33.3	46.16	2.39	36.96	1.95	37.37	3.59	35.21	1.07	35.89	35.91	33.14	0.81	0	0	0	0	0	0	0	0	
85	668.76	32.83	29.93	35.74	1.48	33.06	3.07	1.24	2.86	1.21	3.97	1.21	3.49	1.35	34.63	1.31	34.75	1.27	34.33	33.33	43.91	1.91	34.86	33.34	46.4	2.43	36.98	1.94	37.49	3.57	35.23	1.07	35.91	35.93	33.17	0.8	0	0	0	0	0	0	0	0	
86	676.63	32.88	29.98	35.78	1.48	33.09	3.04	1.25	2.85	1.21	3.93	1.21	3.49	1.37	34.63	1.25	34.75	1.22	34.34	33.36	43.83	1.89	34.87	33.36	46.33	2.41	36.97	1.93	37.44	3.56	35.24	1	35.93	35.94	33.2	0.79	0	0	0	0	0	0	0	0	
87	684.5	32.92	30.03	35.81	1.48	33.17	3	1.24	2.86	1.21	3.92	1.23	3.52	1.4	34.69	1.23	34.83	1.2	34.37	33.44	43.61	1.83	34.94	33.44	46.35	2.4	37.04	1.92	37.48	3.65	35.32	0.97	35.95	35.96	33.23	0.77	0	0	0	0	0	0	0	0	
88	692.36	32.96	30.07	35.85	1.47	33.21	2.99	1.21	2.81	1.18	3.91	1.21	3.4	1.4	34.71	1.19	34.86	1.17	34.42	33.46	43.78	1.85	35.01	33.48	46.62	2.44	37.08	1.93	37.61	3.59	35.34	0.95	35.97	35.98	33.26	0.76	0	0	0	0	0	0	0	0	
89	700.23	33	30.12	35.89	1.47	33.23	2.93	1.21	2.82	1.23	3.85	1.21	3.41	1.43	34.69	1.18	34.84	1.18	34.49	33.49	43.96	1.89	35.07	33.51	46.73	2.46	37.04	1.91	37.5	3.61	35.34	0.94	35.99	35.99	33.29	0.75	0	0	0	0	0	0	0	0	
90	708.1	33.04	30.16	35.92	1.47	33.25	2.91	1.18	2.76	1.18	3.83	1.19	3.33	1.37	34.7	1.14	34.84	1.17	34.47	33.5	43.79	1.85	35.06	33.52	46.63	2.43	37.04	1.9	37.56	3.5	35.34	0.93	36	36.01	33.32	0.73	0	0	0	0	0	0	0	0	
91	715.97	33.08	30.21	35.96	1.47	33.27	2.85	1.15	2.74	1.22	3.75	1.17	3.31	1.4	34.67	1.1	34.81	1.14	34.45	33.51	43.66	1.82	35.04	33.54	46.49	2.4	36.98	1.88	37.45	3.48	35.33	0.93	36.02	36.02	33.35	0.72	0	0	0	0	0	0	0	0	
92	723.83	33.12	30.25	35.99	1.46	33.28	2.79	1.16	2.71	1.28	3.68	1.2	3.26	1.44	34.65	1.12	34.79	1.17	34.43	33.51	43.54	1.79	34.99	33.55	46.24	2.34	36.92	1.86	37.37	3.51	35.3	0.96	36.03	36.04	33.38	0.71	0	0	0	0	0	0	0	0	
93	731.7	33.16	30.29	36.02	1.46	33.32	2.78	1.12	2.67	1.25	3.68	1.15	3.2	1.36	34.68	1.1	34.82	1.13	34.44	33.54	43.48	1.77	35.01	33.59	46.23	2.33	36.96	1.86	37.46	3.35	35.34	0.94	36.05	36.05	33.41	0.69	0	0	0	0	0	0	0	0	
94	739.57	33.2	30.33	36.06	1.46	33.33	2.66	1.06	2.71	1.14	3.56	1.09	3.25	1.27	34.61	1.09	34.76	1.13	34.29	33.52	42.53	1.59	34.8	33.55	45.25	2.13	36.85	1.83	37.19	3.19	35.31	0.95	36.06	36.06	33.43	0.68	0	0	0	0	0	0	0	0	
95	747.44	33.23	30.37	36.09	1.46	33.37	2.67	1.06	2.68	1.16	3.57	1.12	3.24	1.3	34.65	1.12	34.81	1.17	34.35	33.56	42.71	1.62	34.88	33.6	45.44	2.16	36.9	1.83	37.26	3.3	35.34	0.97	36.07	36.08	33.46	0.67	0	0	0	0	0	0	0	0	
96	755.31	33.27	30.41	36.12	1.46	33.41	2.65	1.01	2.61	1.15	3.55	1.08	3.14	1.26	34.66	1.08	34.83	1.14	34.38	33.6	42.77	1.61	34.9	33.63	45.5	2.16	36.92	1.83	37.36	3.19	35.36	0.96	36.09	36.09	33.49	0.65	0	0	0	0	0	0	0	0	
97	763.17	33.3	30.45	36.15	1.45	33.44	2.65	0.96	2.58	1.13	3.54	1.04	3.07	1.25	34.68	1.02	34.84	1.09	34.36	33.6	42.7	1.59	34.94	33.66	45.65	2.18	36.94	1.83	37.44	3.07	35.38	0.94	36.1	36.1	33.51	0.64	0	0	0	0	0	0	0	0	
98	771.04	33.34	30.49	36.19	1.45	33.47	2.61	0.93	2.56	1.09	3.5	1.02	3.07	1.22	34.69	1	34.85	1.06	34.37	33.64	42.63	1.57	34.91	33.69	45.39	2.12	36.93	1.82	37.39	3.06	35.39	0.92	36.11	36.11	33.54	0.62	0	0	0	0	0	0	0	0	
99	778.91	33.37	30.53	36.22	1.45	33.54	2.56	0.88	2.51	1.08	3.47	0.95	3.08	1.19	34.72	0.9	34.9	0.96	34.43	33.71	42.65	1.55	34.93	33.73	45.2	2.07	36.97	1.81	37.39	2.84	35.45	0.82	36.12	36.13	33.56	0.61	0	0	0	0	0	0	0	0	
100	786.78	33.41	30.56	36.25	1.45	33.56	2.49	0.78	2.53	1.01	3.4	0.85	3.08	1.16	34.69	0.85	34.87	0.92	34.34	33.71	42.05	1.43	34.85	33.73	44.77	1.98	36.93	1.8	37.27	2.65	35.44	0.81	36.13	36.14	33.58	0.6	0	0	0	0	0	0	0	0	
101	794.64	33.44	30.6	36.28	1.45	33.58	2.43	0.78	2.46	0.93	3.34	0.86	3.01	1.12	34.67	0.85	34.85	0.89	34.3	33.73	41.7	1.36	34.84	33.76	44.67	1.95	36.89	1.78	37.24	2.66	35.43	0.79	36.14	36.15	33.61	0.58	0	0	0	0	0	0	0	0	
102	802.51	33.47	30.63	36.31	1.45	33.62	2.4	0.75	2.47	0.89	3.32	0.82	2.98	1.09	34.69	0.81	34.88	0.85	34.28	33.75	41.39	1.29	34.81	33.77	44.43	1.89	36.91	1.78	37.27	2.55	35.46	0.75	36.16	36.16	33.63	0.56	0	0	0	0	0	0	0	0	
103	810.38	33.5	30.67	36.34	1.45	33.64	2.37	0.72	2.41	0.89	3.29	0.78	2.92	1.08	34.69	0.81	34.88	0.85	34.3	33.77	41.47	1.3	34.85	33.79	44.59	1.92	36.9	1.77	37.29	2.55	35.46	0.75	36.17	36.17	33.65	0.55	0	0	0	0	0	0	0	0	
104	818.25	33.53	30.7	36.37	1.45	33.66	2.34	0.71	2.39	0.89	3.26	0.8	2.91	1.09	34.69	0.82	34.88	0.87	34.29	33.79	41.31	1.26	34.85	33.82	44.55	1.9	36.89	1.76	37.26	2.63	35.47	0.76	36.18	36.18	33.68	0.53	0	0	0	0	0	0	0	0	
105	826.12	33.56	30.73	36.4	1.44	33.66	2.27	0.71	2.36	0.86	3.19	0.79	2.85	1.06	34.64	0.82	34.85	0.86	34.25	33.79	41.03	1.21	34.81	33.81	44.31	1.85	36.82	1.74	37.18	2.59	35.43	0.75	36.19	36.19	33.7	0.52	0	0	0	0	0	0	0	0	
106	833.98	33.59	30.76	36.42	1.44	33.71	2.27	0.68	2.35	0.87	3.2	0.74	2.77	1	34.69	0.76	34.9	0.8	34.29	33.82	41.07	1.21	34.86	33.85	44.45	1.87	36.88	1.74	37.33	2.32	35.47	0.71	36.2	36.2	33.72	0.5	0	0	0	0	0	0	0	0	
107	841.85	33.62	30.79	36.45	1.44	33.75	2.27	0.69	2.32	0.89	3.2	0.75	2.69	1.04	34.73	0.74	34.93	0.79	34.35	33.87	41.24	1.23	34.94	33.9	44.75	1.92	36.92	1.74	37.45	2.36	35.51	0.7	36.21	36.21	33.74	0.48	0	0	0	0	0	0	0	0	
108	849.72	33.66	30.83	36.48	1.44	33.77	2.23	0.66	2.31	0.88	3.18	0.7	2.66	1.02	34.72	0.7	34.94	0.74	34.35	33.88	41.08	1.2	34.93	33.91	44.69	1.9	36.92	1.74	37.46	2.19	35.51	0.65	36.21	36.22	33.76	0.47	0	0	0	0	0	0	0	0	
109	857.59	33.68	30.85	36.51	1.44	33.78	2.18	0.64	2.32	0.82	3.13	0.72	2.66	0.98	34.7	0.71	34.93	0.75	34.32	33.89	40.79	1.14	34.92	33.92	44.47	1.86	36.88	1.73	37.37	2.26	35.5	0.66	36.22	36.23	33.78	0.45	0	0	0	0	0	0	0	0	
110	865.45	33.71	30.88	36.54	1.44	33.78	2.17	0.64	2.27	0.79	3.12	0.71	2.57	0.93	34.7	0.72	34.92	0.75	34.33	33.89	40.81	1.15	34.93	33.92	44.6	1.88	36.87	1.72	37.43	2.23	35.49	0.66	36.23	36.24	33.8	0.43	0	0	0	0	0	0	0	0	
111	873.32	33.74	30.91	36.57	1.44	33.79	2.15	0.59	2.18	0.77	3.09	0.67	2.47	0.95	34.69	0.68	34.91	0.72	34.33	33.89	40.87	1.15	34.96	33.93	44.82	1.92	36.85	1.72	37.48	2.17	35.47	0.64	36.24	36.25	33.82	0.41	0	0	0	0	0	0	0	0	
112	881.19	33.77	30.94	36.59	1.44	33.82	2.11	0.55	2.16	0.69	3.05	0.61	2.46	0.88	34.69	0.62	34.92	0.66	34.29	33.91	40.51	1.08	34.89	33.94	44.37	1.82	36.84	1.71	37.44	1.99	35.49	0.59	36.25	36.26	33.84	0.39	0	0	0	0	0	0	0	0	
113	889.06	33.79	30.97	36.62	1.44	33.83	2.12	0.54	2.11	0.67	3.06	0.6	2.4	0.84	34.7	0.61	34.93	0.64	34.31	33.91	40.59	1.09	34.91	33.95	44.5	1.84	36.86	1.71	37.53	1.86	35.49	0.58	36.25	36.27	33.86	0.36	0	0	0	0	0	0	0	0	
114	896.93	33.82	30.99	36.65	1.44	33.86	2.11	0.53	2.12	0.66	3.06	0.58	2.38	0.8	34.73	0.59	34.96	0.61	34.33	33.94	40.54	1.07	34.94	33.98	44.55	1.84	36.89	1.71	37.58	1.8	35.51	0.56	36.26	36.28	33.88	0.34	0	0	0	0	0	0	0	0	
115	904.79	33.85	31.02	36.67	1.44	33.87	2.07	0.48	2.09	0.62	3.02	0.53	2.31	0.72	34.71	0.53	34.95	0.57	34.31	33.94	40.39	1.04	34.92	33.98	44.44	1.81	36.86	1.7	37.58	1.65	35.5	0.51	36.27	36.29	33.9	0.32	0	0	0	0	0	0	0	0	
116	912.66	33.87	31.04	36.7	1.44	33.89	2.04	0.4	2.04	0.51	3	0.45	2.23	0.65	34.71	0.45	34.95	0.48	34.3	33.95	40.23	1	34.92	33.99	44.46	1.81	36.86	1.7	37.64	1.45	35.5	0.43	36.27	36.29	33.91	0.29	0	0	0	0	0	0	0	0	
117	920.53	33.9	31.07	36.73	1.44	33.91	2.02	0.38	2.06	0.47	2.99	0.41	2.19	0.56	34.72	0.42	34.96	0.44	34.29	33.96	40.05	0.97	34.92	34.01	44.38	1.79	36.87	1.7	37.68	1.33	35.51	0.4	36.28	36.3	33.93	0.26	0	0	0	0	0	0	0	0	
118	928.4	33.92	31.09	36.76	1.44	33.94	2.04	0.32	2.05	0.44	3.01	0.36	2.16	0.53	34.76	0.34	35	0.37	34.33	33.98	40.2	0.99	34.96	34.04	44.56	1.82	36.92	1.7	37.78	1.17	35.54	0.33	36.29	36.31	33.95	0.22	0	0	0	0	0	0	0	0	
119	936.26	33.95	31.12	36.78	1.45	33.98	2.04	0.24	2.03	0.33	3.03	0.26	2.1	0.41	34.8	0.22	35.05	0.23	34.35	34.01	40.19	0.98	35.01	34.08	44.69	1.83	36.98	1.71	37.92	0.81	35.58	0.2	36.29	36.32	33.97	0.18	0	0	0	0	0	0	0	0	
120	944.13	33.98	31.14	36.81	1.45	33.99	2.02	0.2	2.05	0.3	3.02	0.2	2.07	0.33	34.8	0.18	35.05	0.17	34.34	34.02	40.02	0.94	35	34.09	44.61	1.81	36.98	1.71	37.94	0.59	35.58	0.15	36.3	36.33	33.98	0.13	0	0	0	0	0	0	0	0	
121	952	34	31.16	36.84	1.45	34	2	0	2	0	3	0	2	0	34.79	0	35.05	0	34.33	34.02	39.96	0.93	34.99	34.09	44.61	1.81	36.98	1.7	37.98	0	35.58	0	36.3	36.33	34	0	0	0	0	0	0	0	0	0	
